0 柱 矩形 0 0 40 40
1 柱 矩形 0 0 50 50
2 柱 矩形 0 0 60 40
3 柱 矩形 0 0 40 60
4 柱 圆形 0 0 30
5 柱 圆形 0 0 40
6 柱 圆形 0 0 50
7 柱 圆形 0 0 60
8 柱 多边形 6 0 0 60 0 60 30 30 30 60 30 0 60
9 柱 多边形 12 0 0 10 0 10 -10 30 -10 30 0 40 0 40 20 30 20 30 30 10 30 10 20 0 20 
10 梁 矩形 0 0 30 40
11 梁 矩形 0 0 30 50
12 梁 矩形 0 0 40 40
13 梁 矩形 0 0 40 50
14 梁 多边形 8 0 0 0 -40 10 -40 10 -60 50 -60 50 -40 60 -40 60 0
15 楼板 20
16 楼板 25
17 楼板 30
18 墙 24
19 墙 36
20 墙 40
21 墙 50
22 墙 80
23 墙 100
24 门 矩形 80 180
25 门 矩形 120 200
26 门 矩形 90 200
27 窗 矩形 80 100
28 窗 矩形 60 100
29 窗 矩形 150 120 