*Unit Sets 构件集
* 构件序号 构件类型名称 构件在系统构件库中的Idx 构件中心点/基准点的放置位置 门和窗为 距离墙起始点左下数值 及高度
0 柱 0 0 0
1 柱 0 300 0
2 柱 0 300 300
3 柱 0 600 300
4 柱 0 600 600
5 柱 0 0 600
6 梁 10
7 梁 10
8 梁 10
9 梁 10
10 梁 10
11 梁 10
12 墙 18
13 墙 18
14 墙 18
15 墙 18
16 墙 18
17 墙 18
*Topo Sets 拓扑关系集
* 拓扑序号 当前构件序号 关联构件序号
0 0 6 11 12 17 18
1 1 6 7 12 13 18
2 2 4 8 13 14 18
3 3 8 9 14 15 18
4 4 9 10 15 16 18
5 5 10 11 16 17 18
6 6 0 1 12
7 7 1 2 13
8 8 2 3 14
9 9 3 4 15
10 10 4 5 16
11 11 0 5 17
12 12 0 1 6
13 13 1 2 7
14 14 2 3 8
15 15 3 4 9
16 16 4 5 10
17 17 0 5 11