*Unit Sets 构件集
* 构件序号 构件类型名称 构件在系统构件库中的Idx 构件中心点/基准点的放置位置 门和窗为 距离墙起始点左下数值 及高度
0 柱 0 200 0 0
1 柱 0 400 0 0
2 柱 0 400 0 200
3 柱 0 600 0 200
4 柱 0 600 0 400
5 柱 0 400 0 400
6 柱 0 400 0 600
7 柱 0 200 0 600
8 柱 0 200 0 400
9 柱 0 0 0 400
10 柱 0 0 0 200
11 柱 0 200 0 200
12 梁 10
13 梁 10
14 梁 10
15 梁 10
16 梁 10
17 梁 10
18 梁 10
19 梁 10
20 梁 10
21 梁 10
22 梁 10
23 梁 10
24 墙 18
25 墙 18
26 墙 18
27 墙 18
28 墙 18
29 墙 18
30 墙 18
31 墙 18
32 墙 18
33 墙 18
34 墙 18
35 墙 18
36 板 15
37 板 15
38 板 15
39 门 25 30 0
40 窗 28 30 80
*Topo Sets 拓扑关系集
* 拓扑序号 当前构件序号 关联构件序号
0 0 12 23 24 35 37
1 1 12 13 24 25 37
2 2 13 14 25 26 37 38
3 3 14 15 26 27 38
4 4 15 16 27 28 38
5 5 16 17 28 29 37 38
6 6 17 18 29 30 37
7 7 18 19 30 31 37
8 8 19 20 31 32 36 37
9 9 20 21 32 33 36
10 10 21 22 33 34 36
11 11 22 23 34 35 36
12 12 0 1 24
13 13 1 2 25
14 14 2 3 26
15 15 3 4 27
16 16 4 5 28
17 17 5 6 29
18 18 6 7 30
19 19 7 8 31
20 20 8 9 32
21 21 9 10 33
22 22 10 11 34
23 23 11 0 35
24 24 0 1 12
25 25 1 2 13
26 26 2 3 14
27 27 3 4 15
28 28 4 5 16
29 29 5 6 17
30 30 6 7 18
31 31 7 8 19
32 32 8 9 20
33 33 9 10 21
34 34 10 11 22
35 35 11 0 23
36 36 10 11 8 9
37 37 0 1 2 5 6 7 8 11
38 38 2 3 4 5
39 39 24
40 40 25