*Unit Sets 构件集
* 构件序号 构件类型名称 构件在系统构件库中的Idx 构件中心点/基准点的放置位置 门和窗为 距离墙起始点左下数值 及高度
0 柱 0 0 0 0
1 柱 0 200 0 0
2 柱 0 200 0 300
3 柱 0 400 0 300
4 柱 0 400 0 0
5 柱 0 600 0 0
6 柱 0 600 0 600
7 柱 0 400 0 600
8 柱 0 200 0 600
9 柱 0 0 0 600
10 梁 10
11 梁 10
12 梁 10
13 梁 10
14 梁 10
15 梁 10
16 梁 10
17 梁 10
18 梁 10
19 梁 10
20 墙 18
21 墙 18
22 墙 18
23 墙 18
24 墙 18
25 墙 18
26 墙 18
27 墙 18
28 墙 18
29 墙 18
30 板 15
31 板 15
32 板 15
33 门 25 30 0
34 窗 28 30 80
*Topo Sets 拓扑关系集
* 拓扑序号 当前构件序号 关联构件序号
0 0 10 19 20 29 30
1 1 10 11 20 21 30
2 2 11 12 21 22 30 31
3 3 12 13 22 23 31 32
4 4 13 14 23 24 32
5 5 14 15 24 25 32
6 6 15 16 25 26 32
7 7 16 17 26 27 31 32
8 8 17 18 27 28 30 31
9 9 18 19 28 29 30
10 10 0 1 20
11 11 1 2 21
12 12 2 3 22
13 13 3 4 23
14 14 4 5 24
15 15 5 6 25
16 16 6 7 26
17 17 7 8 27
18 18 8 9 28
19 19 9 0 29
20 20 0 1 10
21 21 1 2 11
22 22 2 3 12
23 23 3 4 13
24 24 4 5 14
25 25 5 6 15
26 26 6 7 16
27 27 7 8 17
28 28 8 9 18
29 29 9 0 19
30 30 0 1 2 8 9
31 31 2 3 7 8
32 32 4 5 6 7 3
33 33 24
34 34 25