*Unit Sets 构件集
* 构件序号 构件类型名称 构件在系统构件库中的Idx 构件中心点/基准点的放置位置 门和窗为 距离墙起始点左下数值 及高度
0 柱 0 0 0 0
1 柱 0 300 0 0
2 柱 0 300 0 300
3 柱 0 600 0 300
4 柱 0 600 0 600
5 柱 0 300 0 600
6 柱 0 0 0 600
7 梁 10
8 梁 10
9 梁 10
10 梁 10
11 梁 10
12 梁 10
13 梁 10
14 墙 18
15 墙 18
16 墙 18
17 墙 18
18 墙 18
19 墙 18
20 墙 18
21 板 15
22 板 15
23 门 25 80 0
24 窗 28 80 80
*Topo Sets 拓扑关系集
* 拓扑序号 当前构件序号 关联构件序号
0 0 7 13 14 20
1 1 7 8 14 15
2 2 8 9 15 16
3 3 9 10 16 17
4 4 10 11 17 18
5 5 11 12 18 19
6 6 12 13 19 20
7 7 0 1 14
8 8 1 2 15
9 9 2 3 16
10 10 3 4 17
11 11 4 5 18
12 12 5 6 19
13 13 6 0 20
14 14 0 1 7
15 15 1 2 8
16 16 2 3 9
17 17 3 4 10
18 18 4 5 11
19 19 5 6 12
20 20 6 0 13
21 21 0 1 5 6
22 22 2 3 4 5
23 23 14
24 24 17