*Unit Sets 构件集
* 构件序号 构件类型名称 构件在系统构件库中的Idx 构件中心点/基准点的放置位置 门和窗为 距离墙起始点左下数值 及高度
0 柱 0 0 0 0
1 柱 0 300 0 0
2 柱 0 600 0 0
3 柱 0 600 0 300
4 柱 0 600 0 600
5 柱 0 300 0 600
6 柱 0 0 0 600
7 柱 0 0 0 300
8 柱 0 300 0 300
9 梁 10
10 梁 10
11 梁 10
12 梁 10
13 梁 10
14 梁 10
15 梁 10
16 梁 10
17 梁 10
18 梁 10
19 梁 10
20 梁 10
21 墙 18
22 墙 18
23 墙 18
24 墙 18
25 墙 18
26 墙 18
27 墙 18
28 墙 18
29 墙 18
30 墙 18
31 墙 18
32 墙 18
33 板 15
34 板 15
35 板 15
36 板 15
37 门 25 30 0
38 窗 28 100 80
*Topo Sets 拓扑关系集
* 拓扑序号 当前构件序号 关联构件序号
0 0 9 16 21 28 33
1 1 9 10 19 21 22 31 33 34
2 2 10 11 22 23 34
3 3 11 12 18 23 24 30 34 36
4 4 12 13 24 25 36
5 5 13 14 20 25 26 32 35 36
6 6 14 15 26 27 35
7 7 15 16 27 28 33 35
8 8 17 18 19 20 29 30 31 32 33 34 35 36
9 9 0 1 21
10 10 1 2 22
11 11 2 3 23
12 12 3 4 24
13 13 4 5 25
14 14 5 6 26
15 15 6 7 27
16 16 7 0 28
17 17 7 8 29
18 18 8 3 30
19 19 8 1 31
20 20 5 8 32
21 21 0 1 9
22 22 1 2 10
23 23 2 3 11
24 24 3 4 12
25 25 4 5 13
26 26 5 6 14
27 27 6 7 15
28 28 7 0 16
29 29 7 8 17
30 30 8 3 18
31 31 8 1 19
32 32 5 8 20
33 33 0 1 8 7
34 34 1 2 3 8
35 35 7 8 5 6
36 36 8 3 4 5
37 37 21
38 38 25