*Unit Sets 构件集
* 构件序号 构件类型名称 构件在系统构件库中的Idx 构件中心点/基准点的放置位置 门和窗为 距离墙起始点左下数值 及高度
0 柱 0 0 0 0
1 柱 0 300 0 0
2 柱 0 300 0 300
3 柱 0 600 0 300
4 柱 0 600 0 600
5 柱 0 0 0 600
6 柱 0 0 0 300
7 梁 10
8 梁 10
9 梁 10
10 梁 10
11 梁 10
12 梁 10
13 梁 10
14 梁 10
15 墙 18
16 墙 18
17 墙 18
18 墙 18
19 墙 18
20 墙 18
21 墙 18
22 墙 18
23 板 15
24 板 15
25 门 25 30 0
26 窗 28 30 80
*Topo Sets 拓扑关系集
* 拓扑序号 当前构件序号 关联构件序号
0 0 7 13 15 21 23
1 1 7 8 15 16 23
2 2 8 9 16 17 23 24
3 3 9 10 17 18 24
4 4 10 11 18 19 24
5 5 11 12 19 20 24
6 6 12 13 20 21 24 25
7 7 0 1 15
8 8 1 2 16
9 9 2 3 17
10 10 3 4 18
11 11 4 5 19
12 12 5 6 20
13 13 6 0 21
14 14 6 2 22
15 15 0 1 7
16 16 1 2 8
17 17 2 3 9
18 18 3 4 10
19 19 4 5 11
20 20 5 6 12
21 21 6 0 13
22 22 6 2 14
23 23 0 1 2 6
24 24 6 3 4 5
25 25 15
26 26 20