*Unit Sets 构件集
* 构件序号 构件类型名称 构件在系统构件库中的Idx 构件中心点/基准点的放置位置 门和窗为 距离墙起始点左下数值 及高度
0 柱 0 0 0 300
1 柱 0 200 0 300
2 柱 0 200 0 0
3 柱 0 400 0 0
4 柱 0 400 0 300
5 柱 0 600 0 300
6 柱 0 600 0 600
7 柱 0 0 0 600
8 梁 10
9 梁 10
10 梁 10
11 梁 10
12 梁 10
13 梁 10
14 梁 10
15 梁 10
16 梁 10
17 墙 18
18 墙 18
19 墙 18
20 墙 18
21 墙 18
22 墙 18
23 墙 18
24 墙 18
25 墙 18
26 板 15
27 板 15
28 门 25 30 0
29 窗 28 30 80
*Topo Sets 拓扑关系集
* 拓扑序号 当前构件序号 关联构件序号
0 0 8 15 17 24 26
1 1 8 9 17 18 26 27
2 2 9 10 18 19 26
3 3 10 11 19 20 26
4 4 11 12 20 21 26 27
5 5 12 13 21 22 27
6 6 13 14 22 23 27
7 7 14 15 23 24 27
8 8 0 1 17
9 9 1 2 18
10 10 2 3 19
11 11 3 4 20
12 12 4 5 21
13 13 5 6 22
14 14 6 7 23
15 15 7 0 24
16 16 1 4 25
17 17 0 1 8
18 18 1 2 9
19 19 2 3 10
20 20 3 4 11
21 21 4 5 12
22 22 5 6 13
23 23 6 7 14
24 24 7 0 15
25 25 1 4 16
26 26 2 3 4 1
27 27 0 5 6 7
28 28 19
29 29 23