*Unit Sets 构件集
* 构件序号 构件类型名称 构件在系统构件库中的Idx 构件中心点/基准点的放置位置 门和窗为 距离墙起始点左下数值 及高度
0 柱 0 0 0 0
1 柱 0 600 0 0
2 柱 0 600 0 300
3 柱 0 600 0 600
4 柱 0 0 0 600
5 柱 0 0 0 300
6 梁 10
7 梁 10
8 梁 10
9 梁 10
10 梁 10
11 梁 10
12 梁 10
13 墙 18
14 墙 18
15 墙 18
16 墙 18
17 墙 18
18 墙 18
19 墙 18
20 板 15
21 板 15
22 门 25 30 0
23 窗 28 30 80
*Topo Sets 拓扑关系集
* 拓扑序号 当前构件序号 关联构件序号
0 0 6 11 13 18 20
1 1 6 7 13 14 20
2 2 7 8 14 15 20 21
3 3 8 9 15 16 21
4 4 9 10 16 17 21
5 5 10 11 17 18 20 21
6 6 0 1 13
7 7 1 2 14
8 8 2 3 15
9 9 3 4 6
10 10 4 5 17
11 11 5 0 18
12 12 5 2 19
13 13 0 1 6
14 14 1 2 7
15 15 2 3 8
16 16 3 4 9
17 17 4 5 10
18 18 5 0 11
19 19 5 2 12
20 20 0 1 2 5
21 21 5 2 3 4
22 22 13
23 23 15