*Unit Sets 构件集
* 构件序号 构件类型名称 构件在系统构件库中的Idx 构件中心点/基准点的放置位置 门和窗为 距离墙起始点左下数值 及高度
0 柱 0 0 0 0
1 柱 0 300 0 0
2 柱 0 600 0 0
3 柱 0 600 0 300
4 柱 0 600 0 600
5 柱 0 0 0 600
6 柱 0 0 0 300
7 柱 0 300 0 300
8 梁 10
9 梁 10
10 梁 10
11 梁 10
12 梁 10
13 梁 10
14 梁 10
15 梁 10
16 梁 10
17 梁 10
18 墙 18
19 墙 18
20 墙 18
21 墙 18
22 墙 18
23 墙 18
24 墙 18
25 墙 18
26 墙 18
27 墙 18
28 板 15
29 板 15
30 板 15
31 门 25 30 0
32 窗 28 30 80
*Topo Sets 拓扑关系集
* 拓扑序号 当前构件序号 关联构件序号
0 0 8 14 18 24 28
1 1 8 9 15 18 19 25 28 29
2 2 9 10 19 20 29
3 3 10 11 20 21 29 30
4 4 11 12 21 22 30
5 5 12 13 22 23 30
6 6 13 14 23 24 28 30
7 7 15 16 17 25 26 27 28 29 30
8 8 0 1 18
9 9 1 2 19
10 10 2 3 20
11 11 3 4 21
12 12 4 5 22
13 13 5 6 23
14 14 6 0 24
15 15 7 1 25
16 16 6 7 26
17 17 7 3 27
18 18 0 1 8
19 19 1 2 19
20 20 2 3 10
21 21 3 4 11
22 22 4 5 12
23 23 5 6 13
24 24 6 0 14
25 25 7 1 15
26 26 6 7 16
27 27 7 3 17
28 28 0 1 7 6
29 29 1 2 3 7
30 30 6 3 4 5
31 31 18
32 32 19
