*Unit Sets 构件集
* 构件序号 构件类型名称 构件在系统构件库中的Idx 构件中心点/基准点的放置位置 门和窗为 距离墙起始点左下数值 及高度
0 柱 0 0 0 0
1 柱 0 150 0 0
2 柱 0 300 0 0
3 柱 0 450 0 0
4 柱 0 600 0 0
5 柱 0 600 0 300
6 柱 0 450 0 300
7 柱 0 300 0 300
8 柱 0 150 0 300
9 柱 0 0 0 300
10 柱 0 0 0 400
11 柱 0 150 0 400
12 柱 0 300 0 400
13 柱 0 450 0 400
14 柱 0 600 0 400
15 柱 0 600 0 700
16 柱 0 450 0 700
17 柱 0 300 0 700
18 柱 0 150 0 700
19 柱 0 0 0 700
20 梁 10
21 梁 10
22 梁 10
23 梁 10
24 梁 10
25 梁 10
26 梁 10
27 梁 10
28 梁 10
29 梁 10
30 梁 10
31 梁 10
32 梁 10
33 梁 10
34 梁 10
35 梁 10
36 梁 10
37 梁 10
38 梁 10
39 梁 10
40 梁 10
41 梁 10
42 梁 10
43 梁 10
44 梁 10
45 梁 10
46 墙 18
47 墙 18
48 墙 18
49 墙 18
50 墙 18
51 墙 18
52 墙 18
53 墙 18
54 墙 18
55 墙 18
56 墙 18
57 墙 18
58 墙 18
59 墙 18
60 墙 18
61 墙 18
62 墙 18
63 墙 18
60 墙 18
61 墙 18
62 墙 18
63 墙 18
64 墙 18
65 墙 18
66 墙 18
67 墙 18
68 墙 18
69 墙 18
70 墙 18
71 墙 18
72 板 15
73 板 15
74 板 15
75 板 15
76 板 15
77 板 15
78 板 15
79 板 15
*Topo Sets 拓扑关系集
* 拓扑序号 当前构件序号 关联构件序号
0 0 20 29 46 55
1 1 20 21 30 46 47 56
2 2 21 22 31 47 48 57
3 3 22 23 32 48 49 58
4 4 23 24 49 50
5 5 24 25 50 51
6 6 25 26 32 51 52 58
7 7 26 27 31 52 53 57
8 8 27 28 30 53 54 56
9 9 28 29 54 55
10 10 33 42 59 68
11 11 33 34 43 59 60 69
12 12 34 35 44 60 61 70
13 13 35 36 45 61 62 71
14 14 36 37 62 63
15 15 37 38 63 64
16 16 38 39 45 64 65 71
17 17 39 40 44 65 66 70
18 18 40 41 43 66 67 69
19 19 41 42 67 68
20 20 0 1 46
21 21 1 2 47
22 22 2 3 48
23 23 3 4 49
24 24 4 5 50
25 25 5 6 51
26 26 6 7 52
27 27 7 8 53
28 28 8 9 54
29 29 9 0 55
30 30 1 8 56
31 31 2 7 57
32 32 3 6 58
33 33 10 11 59
34 34 11 12 60
35 35 12 13 61
36 36 13 14 62
37 37 14 15 63
38 38 15 16 64
39 39 16 17 65
40 40 17 18 66
41 41 18 19 67
42 42 19 10 68
43 43 11 18 69
44 44 12 17 70
45 45 13 16 71
46 46 0 1 20
47 47 1 2 21
48 48 2 3 22
49 49 3 4 23
50 50 4 5 24
51 51 5 6 25
52 52 6 7 26
53 53 7 8 27
54 54 8 9 28
55 55 9 0 29
56 56 1 8 30
57 57 2 7 31
58 58 3 6 32
59 59 10 11 33
60 60 11 12 34
61 61 12 13 35
62 62 13 14 36
63 63 14 15 37
64 64 15 16 38
65 65 16 17 39
66 66 17 18 40
67 67 18 19 41
68 68 19 10 42
69 69 11 18 43
70 70 12 17 44
71 71 13 16 45
72 72 0 1 8 9
73 73 1 2 7 8
74 74 2 3 6 7
75 75 3 4 5 6
76 76 10 11 18 19
77 77 11 12 17 18
78 78 12 13 16 17
79 79 13 14 15 16